[ 0.6222809   0.81586117  1.23566878  1.38168371  1.41562474  1.30425489
  1.02057981  0.8341344   0.6099695   0.65209371  0.78076708  0.92961353
  1.03551483  0.94009286  0.70934516  0.2375349  -0.40111724]
[ 0.04219438  0.03938768  0.02026391 -0.00227005  0.01606669 -0.00232541
 -0.02485083 -0.05022698 -0.06265799 -0.08422971 -0.06300537 -0.04217796
 -0.05283288 -0.04433688  0.00348159  0.00171579 -0.03568887]
[ 0.86710805  1.87991154  1.67414796 -2.09997296 -3.77064347 -5.98964453
 -9.97899628 -7.13707876 -8.21442604 -5.14305115 -2.12349534 -0.83980626
 -0.41537356 -0.08388692  0.07256503 -0.09195083  0.47650823]
[-1.68782103e+00 -3.87471318e+00 -3.98273134e+00 -2.64450550e+00
 -5.73122084e-01 -5.10676622e-01 -6.03719771e-01 -2.51795441e-01
 -1.02032870e-01  1.94023666e-03 -4.70695132e-03  1.68803051e-01
 -5.45409620e-02  9.27844867e-02  8.19703937e-02 -1.66368112e-02
 -1.23742312e-01]
[ 0.2126435   0.11902647  0.14958552  0.2031575   0.2228156   0.21458311
  0.75471336  1.58106184 -0.09255701 -1.70885563 -3.35287619 -5.98076582
 -5.2609601  -4.24292374 -3.08661318 -1.38412094 -0.52978283]
[-0.14230093 -0.16249551 -0.09265603 -0.06804372 -0.06789018 -0.08223316
 -0.05202654 -0.03722923 -0.02298407  0.20002131  0.92194146  1.41533685
  0.23866698 -1.81010878 -4.06344366 -5.04224205 -4.0615201 ]
[ 0.20369686  0.16263485  0.12125716  0.08187243  0.04697849  0.01510052
 -0.0107739  -0.02512545 -0.03486427 -0.03993553 -0.04630926 -0.05983021
 -0.07685012 -0.08281231 -0.08222283 -0.07106353 -0.03452498 -0.01506766
 -0.0466907  -0.14495058 -0.24579337 -0.30594656 -0.33523735 -0.35277283
 -0.36649829 -0.37016448 -0.36267468 -0.36132681 -0.35721657 -0.36962992
 -0.39588657 -0.4118028  -0.4255839  -0.42605656]
[0.20769797 0.48272648 0.71246642 0.87542343 1.05064273 1.19148505
 1.30114591 1.3181653  1.36130989 1.2482115  1.17236233 1.02220619
 0.88077903 0.77195895 0.7629891  0.7922678  0.91286916 0.96962738
 1.02357304 0.98803121 0.92866647 0.85315603 0.80647248 0.65268028
 0.54886734 0.50619966 0.43694633 0.38644502 0.34504059 0.31953084
 0.38560963 0.33353901 0.3481009  0.2714133 ]
[-4.12985754 -0.79581261  0.36528605  0.62431556  0.87612957  0.97979623
  1.00648451  0.57334572  0.51224494  0.17251873 -0.01210061 -0.01208662
  0.07528958 -0.03136083 -0.0405125  -0.25087881 -0.20843907 -0.40178198
 -0.5737986  -0.86471784 -0.84927976 -0.8138659  -0.36615145  0.45847398
  1.38119507  3.1076827   4.8856411   6.97112703  8.30338669  8.7521286
  7.46033907  5.00725031  2.54754925  1.73934591]
[-0.27218464 -0.26797551 -0.26414302 -0.16697443  0.09486093  0.39531714
  0.24949905 -0.39330027 -0.6781199  -1.92256141 -3.2053206  -3.5903697
 -3.11001658 -1.91344476 -1.07545614 -0.58204198 -0.27237698 -0.11921974
 -0.01796947  0.00803227  0.09013399  0.08223354  0.12276264  0.1636866
  0.18609598  0.21141966  0.24433365  0.24810109  0.34180966  0.35138187
  0.42093647  0.54616731  0.73272598  0.90846103]
[ 0.6886428   1.09511316  0.52383161 -1.12282336 -2.79288721 -4.23212004
 -4.25788116 -3.47600698 -2.35786533 -1.23792398 -0.57442975 -0.27119532
 -0.10826933 -0.03064671  0.03098594  0.04889365  0.13145912  0.14365229
  0.17359965  0.26017618  0.31564543  0.4244411   0.58320469  0.71532011
  0.97316873  1.19301987  1.45848763  1.68899643  1.8846612   1.96272433
  1.97510791  1.79910111  1.42021215  0.92028129]
[-0.26858658 -0.22267336 -0.25551775 -0.27574247 -0.34744775 -0.31631458
 -0.29949743 -0.2786274  -0.27964339 -0.19379276  0.09377296  0.39503112
  0.30750188 -0.17956759 -0.55993152 -1.93246961 -3.18105531 -3.50248003
 -3.15459895 -1.97203743 -1.13615513 -0.63585114 -0.33850986 -0.16686426
 -0.07485128 -0.02692973  0.03469422  0.01379306  0.09309768  0.13274884
  0.18500388  0.2470236   0.28310683  0.36863855]
