[ 0.2026096   0.859492    1.26930666  1.4485898   1.58952641  1.42335987
  1.42783058  1.09494054  0.88426256  0.81303179  0.68298393  0.63993561
  0.60564715  0.4481481   0.42623803  0.1879935  -0.00218564]
[ 0.24887013  0.2957716   0.33363253  0.33815429  0.2522406   0.65637845
  1.10623395 -0.40968794 -2.11285305 -3.64043593 -6.56296492 -5.29532576
 -4.87217808 -3.84243703 -1.69436252 -0.63636202 -0.37804419]
[-2.13580489 -3.41339326 -3.55687904 -2.97890687 -1.52188265 -0.9795506
 -0.6578415  -0.29388881 -0.11948022 -0.00933614  0.02397948  0.13276893
  0.02638269  0.1102212   0.1257619   0.08879539  0.07959981]
[-0.04506486 -0.05267132  0.03824324  0.14964744  0.29139304  0.43905312
  0.68448639  1.00994658  1.18075621  1.44138193  1.49084246  1.58633327
  1.47809637  1.21181035  0.87703305  0.44335955 -0.21124612]
[-0.04693179 -0.0418371  -0.04491619 -0.05137719 -0.06482536 -0.06522547
 -0.07610817 -0.06930682 -0.06669899 -0.03819092 -0.02968981 -0.04491042
 -0.08518592 -0.13966081 -0.19244421 -0.22445771 -0.23267986]
[ 0.60580087  0.99685955  0.35789454 -0.01091827 -4.14349508 -4.69003677
 -8.29575348 -7.23898125 -7.41455841 -6.5043807  -2.87135553 -0.8310262
 -0.50502884 -0.1837187  -0.23336291  0.02717385 -0.10689523]
[ 0.21648788  0.49728248  0.27701783 -0.54434448 -1.12292194 -2.09522438
 -2.64393568 -3.06376815 -2.91892648 -2.2706604  -1.5643822  -0.93249935
 -0.49606586 -0.25035867 -0.10784408 -0.06102648  0.0173384   0.04758119
  0.10342963  0.13367015  0.18862718  0.23166895  0.29070035  0.32925037
  0.42925143  0.49345174  0.61906129  0.73026741  0.90602303  1.11332977
  1.34264648  1.50086558  1.61291921  2.04636598]
[-0.2051037  -0.2179659  -0.21070108 -0.2044961  -0.19072807 -0.1627882
 -0.05006094  0.22797495  0.38021904  0.10972951 -0.48738855 -1.15043247
 -1.52031922 -1.90015793 -2.39114332 -2.8103683  -2.64709544 -2.01430774
 -1.23897839 -0.67515051 -0.33698249 -0.15301658 -0.03854826  0.02676632
  0.07361551  0.11111197  0.14620417  0.19023229  0.24410757  0.29932228
  0.37824568  0.46495956  0.58341336  0.7132057 ]
[ 0.06328954  0.11764655  0.14007156  0.1138356   0.06223588 -0.03579886
 -0.10394493 -0.16715717 -0.17034599 -0.18310119 -0.18478625 -0.18912752
 -0.17644048 -0.16810162 -0.15088147 -0.14525847 -0.10530371  0.05347191
  0.44444472  0.56959867  0.02987901 -0.81626874 -1.87159026 -2.97694325
 -3.49502897 -3.29709673 -2.46986341 -1.52711082 -0.82211292 -0.39929748
 -0.17662209 -0.05777811  0.00937843  0.08478135]
[0.13172784 0.33163896 0.55043644 0.68548888 0.84936744 1.00407791
 1.14451766 1.2430371  1.32252133 1.31599927 1.25945163 1.18756115
 1.05341005 0.88251865 0.7711398  0.71404439 0.7362017  0.81913829
 0.93861419 0.98140913 0.99341804 0.97178113 0.90012157 0.86925846
 0.73806858 0.62040734 0.55531597 0.46483713 0.36403692 0.30535844
 0.32907337 0.31335711 0.28523749 0.22774203]
[ 0.23935425  0.20304273  0.16632231  0.13315253  0.09882212  0.06957261
  0.05108012  0.01623034 -0.02285799 -0.0430157  -0.04749548 -0.05139047
 -0.04946406 -0.03870602 -0.00616992  0.00162194 -0.03553537 -0.13450548
 -0.26613373 -0.35300955 -0.33991712 -0.26462734 -0.17621209 -0.09280621
 -0.04641354 -0.06403816 -0.1425284  -0.239004   -0.28483197 -0.32127196
 -0.36513343 -0.4020347  -0.4286243  -0.4347195 ]
[-4.27094173 -0.66969097  0.43445241  0.66272122  0.88358748  1.01683247
  1.09750926  0.65143967  0.59837753  0.23743233  0.01791214 -0.01590153
  0.13683055 -0.05883266 -0.04993429 -0.25669128 -0.21100025 -0.39738309
 -0.62158281 -0.92904979 -0.87666672 -0.88664705 -0.44674239  0.40708363
  1.26002073  3.00857592  4.76895761  6.88763332  8.21934509  8.73799801
  7.40806627  4.88048172  2.3979032   1.75646865]
