[0.01545169 0.05817525 0.11803128 0.22001208 0.33931297 0.49542746
 0.67210853 0.94712251 1.15265834 1.32170153 1.4549669  1.48006082
 1.47196281 1.2792269  1.00757527 0.69716537 0.21542385]
[-0.02716015 -0.00426089 -0.0072384  -0.04545701 -0.08801764 -0.10087382
 -0.09264004 -0.07966605 -0.07406706 -0.07003038 -0.06598026 -0.04989858
 -0.02470857 -0.01570396 -0.05490344 -0.1103192  -0.15244159]
[  1.11717999   0.51015317   0.17427848   0.88890928   0.54604894
  -3.16608024  -3.73015952  -6.1334672  -10.0721283   -6.60984898
  -8.20536613  -5.15287495  -2.08522081  -0.94026774  -0.47203755
  -0.18661156  -0.03045239]
[-7.77097881e-01 -2.56517553e+00 -3.15722036e+00 -3.30995822e+00
 -1.94951320e+00 -1.25563860e+00 -6.81688845e-01 -3.37898225e-01
 -1.57190412e-01 -5.09661101e-02 -6.05399197e-04  1.07789114e-01
  3.85092236e-02  8.68888870e-02  9.95724201e-02  1.18941434e-01
  1.23420954e-01]
[0.68076438 1.08813643 1.31754994 1.46699619 1.44293523 1.36973286
 1.17938697 1.04807591 0.93644893 0.86102015 0.73854709 0.66333491
 0.53461373 0.42373389 0.32013556 0.20278014 0.19249578]
[-0.27301174 -0.25185856 -0.22125398 -0.21559678 -0.21882661 -0.17971922
 -0.03725337  0.34356791  0.56202424  0.07698163 -0.24907404 -1.89436293
 -3.35938549 -3.63932419 -3.03846812 -1.82036078 -1.01828063]
[ 0.11699216  0.09590718  0.05497213 -0.05372064 -0.13239619 -0.19242001
 -0.17340527 -0.19475211 -0.20978057 -0.23203553 -0.22245616 -0.2109697
 -0.1901222  -0.18980773 -0.14673977  0.01114405  0.44153628  0.65131199
  0.16421284 -0.77670282 -1.95331991 -2.94767284 -3.33690429 -3.23818612
 -2.387357   -1.50408995 -0.83852035 -0.44140562 -0.21720211 -0.08985902
 -0.02603844  0.02137878  0.06029581  0.1335427 ]
[ 9.86019224e-02  5.30154631e-02  2.62196362e-02 -1.19257886e-04
 -8.88027158e-03 -3.50768794e-03  9.51109640e-03  1.36818001e-02
 -2.60605812e-02 -1.09026700e-01 -2.06521466e-01 -2.76889116e-01
 -3.09028208e-01 -3.21647644e-01 -3.27039570e-01 -3.35034847e-01
 -3.80097628e-01 -4.03420240e-01 -3.63044143e-01 -2.72229970e-01
 -1.82324931e-01 -1.12721734e-01 -9.28909779e-02 -1.14289477e-01
 -1.35685235e-01 -1.30090550e-01 -1.03508867e-01 -5.97930513e-02
  4.93432116e-03  3.55566703e-02  1.32685236e-03 -9.43967700e-02
 -1.92779884e-01 -2.57620007e-01]
[-0.92872918 -0.4480108  -0.18259276 -0.03775067  0.02364765  0.08251493
  0.13772355  0.17215617  0.27061549  0.34603971  0.4967832   0.62868166
  0.7781744   0.94080937  1.09080672  1.24560356  1.30641222  1.29871857
  1.22059655  1.10679829  0.97436303  0.83786267  0.81126952  0.85801321
  0.88000929  0.9100467   0.8098796   0.66853869  0.53217024  0.41214445
  0.27044514  0.258982    0.18651532  0.10559301]
[0.80537242 1.01639986 1.18852127 1.33071017 1.34127903 1.36847007
 1.27925062 1.21039236 1.06712949 0.96715105 0.89447093 0.86101389
 0.78208196 0.73117769 0.60208124 0.46350417 0.33657947 0.21932675
 0.14471573 0.14216489 0.05798133 0.05985645 0.11011875 0.09796888
 0.07909355 0.09149409 0.10150176 0.13510083 0.11409456 0.12646462
 0.13448845 0.09721036 0.13078475 0.11498228]
[-0.03186101 -0.02813905 -0.01233876  0.0202566   0.05595159  0.08901184
  0.09862616  0.07883952  0.04944922  0.01735543 -0.03650704 -0.09756071
 -0.15681601 -0.18782501 -0.19328451 -0.19284344 -0.18681823 -0.18165596
 -0.18070397 -0.16434006 -0.12310557  0.03711408  0.40296763  0.53784347
  0.04077284 -0.88812327 -1.6562686  -2.20965266 -2.74970198 -2.99191642
 -2.65904045 -1.9376241  -1.13725436 -0.60623205]
[-2.22164774  0.1568678   0.80790734  1.26072907  1.08056855  1.42629027
  0.86838853  0.39207456 -0.20129386 -0.48657754 -0.46506879 -0.08334564
 -0.16162133 -0.08470774 -0.21517582 -0.16606255 -0.38708013 -0.46516487
 -0.8178091  -0.78264827 -0.82782227 -0.40401152  0.41789916  1.24609745
  2.88810754  4.58305502  6.65169334  8.12567616  8.80201721  7.73198605
  5.88716507  3.62835622  1.90933275  0.75576854]
