[-1.4289217  -0.545322    0.01795334  0.02815062]
[0.61941141 0.4792062  0.50048006 0.43008417]
[-1.38898075 -1.90313733 -1.83748686 -1.98980713]
[0.79928231 1.06892693 1.07218695 0.96480656]
[1.29936552 0.98335642 1.0077467  0.88876319]
[-0.02290811 -1.7722789   2.19577551 -1.14207423]
[-0.97087073  0.04772524  0.5794971   0.77819824]
[ 6.07491016  0.07430354 -2.50347805 -3.8130455  -2.00958347  1.30753624
  1.42102444 -5.36250353]
[0.61373717 1.1120218  0.90666181 0.83983344 0.62638104 0.64233863
 0.61760771 0.5352034 ]
[ 3.05855417 -1.20774913 -1.82126296  1.83922875 -1.60759854 -1.09401739
  5.33955097  4.11463833]
[-1.14762604 -1.31371856 -1.16249037 -1.31014407 -1.60485327 -0.61688739
  0.36424726  1.42424905]
[-0.51199228 -0.28411114  0.36795688  0.99020523  0.95390826  0.84129739
  0.81222266  0.33646142]
[-1.87314939e+00 -2.13881183e+00 -1.04327250e+00 -5.63537300e-01
 -9.72100592e-04  3.59347999e-01  3.18841308e-01  4.35169905e-01]
[-1.0117588  -1.18401945 -1.61579156 -1.68750596 -1.96276951 -1.0339973
 -0.77634484 -0.28055185]
[-1.17456734 -1.30301476 -1.69151676 -1.75777698 -2.02445269 -1.00103867
 -0.60692191 -0.13639919  0.24757604  0.5067243   0.61789519  0.62135506]
[ 4.78637028  4.02167892  2.88869739  2.48507404  1.25524151  0.41077411
 -0.8155207  -1.22305489 -2.43769741 -1.56654251 -1.52906179 -2.38656378]
[-1.59601724 -1.70762813 -1.75731993 -0.71072131 -0.42367554  0.09935918
  0.50039852  0.7313295   0.72110087  0.72844237  0.64892793  0.25740296]
[ 4.10574389 -0.16764028 -0.26807028  0.33412048  2.41844821 -1.31312215
 -2.68941832 -6.07414532 -3.88850117 -2.28436971 -1.16383612 -2.32846856]
[-1.29095829 -0.44464317 -0.20971172  0.196389    0.73062432  0.52766633
  0.78892463  0.73568684  0.26965186 -0.02945507 -0.08988766  0.23772959]
[ 5.64020872  0.31957164 -2.65119529 -1.15928161 -0.30814469 -0.39862806
 -1.53027713  9.39981937  6.26041555  1.70790851 -1.4830457  -4.7313261 ]
[-2.17394829 -0.6448642  -0.24228579 -0.10320248  0.09012774 -0.33390898
  0.31524062  0.19182304 -0.39774576 -0.79343122 -1.40869629 -0.90053147]
