[1.7275846  0.97935605 1.00217676 0.03826918]
[-3.58154154 -3.67808008 -3.94585419 -2.64245009]
[-0.85232115 -0.02124842  0.60725409  1.05137038]
[1.074278   1.03873909 1.10906816 1.5246774 ]
[ 0.12527789  0.27602863  0.15645604 -0.22213429]
[ 0.47030404 -1.24700284 -0.89697838 -1.16370308]
[-1.18036091 -1.81834149 -0.4320735   0.43323874]
[ 5.42595911 -0.09809178 -1.92138004 -4.62452078 -1.88418806  1.71165287
  1.26583123 -7.2595458 ]
[-1.19778073 -1.46075952 -2.28316522 -2.16007328 -2.63497519 -1.19304109
 -0.49368235 -0.56845677]
[-1.86724043 -1.03665781 -0.48857895 -0.21053849  0.44688702  0.98388761
  1.0356431   1.03647268]
[-0.79898512 -0.79492867 -1.09191954 -2.05512285 -0.65353233  0.36806744
  1.90332806  2.22309184]
[ 1.18418109  1.218925    1.89705694  2.49173856  3.082587    2.31875968
  0.60629225 -1.99878895]
[-0.6519683  -0.33201727  1.14358711  1.92379808  1.0460552   0.85594946
  1.86668837  0.15338106]
[1.40112281 1.06397104 0.36493412 0.32979694 0.91000307 0.22182623
 0.00658749 2.31155849]
[ 4.16075754  4.79752636  4.28846502  0.92089462 -2.03658104 -0.78645957
  0.22615826 -2.97070003  1.05073607 10.40165138  6.21946144  4.83367872]
[-1.87248874 -2.04841995 -2.08333683 -1.49494457 -0.52946049 -0.20063107
  0.32297906  1.00374389  0.75768715  0.96548086  0.86627799  0.41113895]
[-1.30358481 -1.5134517  -2.21076179 -2.17846537 -2.5800612  -1.16752017
 -0.40662497 -0.19954522  0.05276134  0.46511981  0.87180114  1.11480653]
[-2.28098249 -1.38995457 -0.47264594 -0.07592934  0.30385214  0.88158154
  0.51953852  0.98670411  0.80580139  0.34261191 -0.33269742 -0.30925494]
[ 3.82712054  1.95654762  1.23419249  1.90696406  2.63277602 -1.25475097
 -3.04173732 -5.47014856 -3.73071814 -2.24714541 -1.50727332 -3.01644802]
[-0.34672567 -0.02629073  0.26321074  0.63761401  0.80868006  1.11669278
  1.13214588  0.41322437 -0.05463351 -0.09471995  0.24657311  1.21880782]
[-2.1496129  -0.62938339 -0.17765731 -0.03435495  0.0618654   0.00476056
  0.52910137  0.55058116 -0.22005118 -0.87636971 -1.57335711 -0.7278111 ]
